2 1 3
4 1 6
0 2 1
10 2 3
1 2 4
5 2 5
11 2 6
6 2 7
1 2 8
7 2 9
0 3 1
1 3 2
1 3 3
1 3 4
1 3 5
10 3 7
1 3 8
5 3 9
11 3 10
6 3 11
1 3 12
7 3 13
0 4 1
1 4 2
1 4 3
1 4 4
1 4 5
1 4 6
1 4 7
1 4 8
1 4 9
13 4 14
1 4 15
5 4 16
6 4 17
1 4 18
7 4 19
0 5 1
1 5 2
1 5 3
1 5 4
1 5 5
1 5 6
1 5 7
1 5 8
1 5 9
1 5 10
1 5 11
1 5 12
1 5 13
9 5 17
1 5 18
14 5 22
15 5 23
0 6 1
1 6 2
1 6 3
1 6 4
1 6 5
1 6 6
1 6 7
1 6 8
1 6 9
1 6 10
1 6 11
1 6 12
1 6 13
9 6 17
1 6 18
14 6 23
15 6 24
0 7 1
1 7 2
1 7 3
1 7 4
1 7 5
1 7 6
1 7 7
1 7 8
1 7 9
1 7 10
1 7 11
1 7 12
1 7 13
10 7 15
1 7 16
5 7 17
11 7 18
6 7 19
1 7 20
7 7 21
0 8 1
1 8 2
1 8 3
1 8 4
1 8 5
1 8 6
1 8 7
1 8 8
1 8 9
1 8 10
1 8 11
1 8 12
1 8 13
1 8 14
1 8 15
1 8 16
1 8 17
9 8 21
1 8 22
14 8 27
15 8 28
0 9 1
1 9 2
1 9 3
1 9 4
1 9 5
1 9 6
1 9 7
1 9 8
1 9 9
1 9 10
1 9 11
1 9 12
1 9 13
8 9 14
0 10 1
1 10 2
1 10 3
1 10 4
1 10 5
1 10 6
1 10 7
1 10 8
1 10 9
8 10 10
0 11 1
1 11 2
1 11 3
1 11 4
1 11 5
8 11 6
0 12 1
8 12 2
1 12 3
12 12 7
1 12 8
7 12 9
0 13 1
1 13 2
1 13 3
1 13 4
1 13 5
1 13 6
1 13 7
1 13 8
9 13 12
1 13 13
14 13 17
15 13 18
0 14 1
8 14 2
0 15 1
3 15 3
0 16 1
